FNUS84 KMRX 301414
FWMWRK

FCST,403604,160831,13,2,81,58,3,3,300,02,M,85,67,84,46,1,0,N
FCST,407502,160831,13,1,85,53,2,2,330,04,M,88,67,87,47,1,0,N
FCST,407603,160831,13,1,83,55,2,3,330,03,M,87,67,81,46,1,0,N
FCST,315602,160831,13,1,87,50,1,2,300,02,M,88,66,93,43,0,0,N
FCST,448502,160831,13,1,82,61,3,2,300,03,M,86,66,90,51,1,0,N
FCST,400902,160831,13,1,87,53,1,2,340,02,M,90,68,97,49,0,0,N
FCST,403301,160831,13,1,89,47,1,2,290,02,M,91,70,87,42,0,0,N
FCST,401302,160831,13,1,87,48,1,2,310,02,M,90,71,81,39,0,0,N
FCST,403101,160831,13,1,87,52,1,2,340,02,M,89,70,90,45,0,0,N
FCST,405101,160831,13,1,90,47,1,2,20,02,M,92,71,90,41,0,0,N
FCST,407102,160831,13,1,85,51,2,2,330,03,M,88,68,93,48,0,0,N
FCST,407301,160831,13,1,91,44,1,1,350,03,M,93,69,97,40,0,0,N
FCST,409201,160831,13,1,85,51,1,2,10,03,M,88,70,84,43,0,0,N
FCST,403602,160831,13,1,85,53,2,3,300,02,M,88,67,87,42,1,0,N
FCST,409502,160831,13,1,88,48,1,2,340,03,M,90,70,87,44,0,0,N